00 -0
01 -0
02 -0
03 -0
04 0
05 0
06 -0
07 -0
08 -0
09 -0.122689
10 -0.228724
11 -0
12 -0
13 0
14 -0
15 -0
16 -0
17 -1.0675
18 -0
19 -0
20 -0
21 -1.70135
22 -0
23 -0.850023
24 -0
25 0.239731
26 -0
27 -0
28 -0
29 6.34019
30 -7.76517
31 -5.602
32 -14.6013
33 13.815
34 58.8028
35 -44.9235
36 -44.8274
37 -60.5463
38 -30.198
39 59.076
40 -60.1909
41 -22.3801
42 16.8852
43 9.2383
44 29.7449
45 -8.35075
46 -14.4703
47 -29.4883
48 26.9958
49 14.804
50 -9.85817
51 -0
52 -0
53 -0
54 -0
55 -0
56 -0
57 -0.395819
58 -0
59 -0
60 -0
61 -0
62 -0
63 44.7582
64 45.0914
65 45.2054
66 46.2522
67 44.5217
68 45.5131
69 44.2108
70 45.9224
71 0
72 45
73 43.1265
74 44.4964
75 61.0736
76 60.4885
77 59.9696
78 61.3895
79 59.709
80 59.5474
81 61.5539
82 60.5241
83 58.785
84 59.5002
85 58.2405
86 60.3393
87 -0
88 -0
89 0.552681
90 -90
91 -0
92 -0
93 -0
94 -0
95 -0
96 -0
97 -0
98 0
99 -0
test 29.6953
